2760710
7624182
9033144
9348006
13499636
14091633
14165625
20178111
22843856
28230919
29191596
33153766
37168957
38541473
38603673
44797824
47384844
67646988
70797900
77031414
77951245
78154865
82128636
92359850
93125144
98796344
102195674
103448870
104024556
117979694
123482865
128790976
130181866
133334108
138017750
138588540
140068425
142090065
142276270
144401492
148914726
153949511
154618248
154716798
154840461
154872375
156991337
159510109
160045097
160074939
172464366
173612049
176860064
176957796
178284730
179034327
180695581
183532609
183979262
184679932
189013224
190990336
201248411
206609630
207141131
214361331
219229644
219776325
219852882
220435095
220459826
224225541
229747848
229938290
229951289
233211762
235037761
238086647
241196395
244161191
248092710
249945230
257605131
258777137
259172391
271900960
277683130
278198753
278683844
279425357
280830734
281924357
281979481
288631580
293954617
299158887
299798795
300293197
307610438
309257814
309402106
310009611
311183180
312862941
318937509
320004517
327017634
335630746
339961200
344926234
352239069
356311210
356867115
357457104
360156606
380783252
382391899
382474101
383390264
387260717
389070884
406976746
410214986
422923265
441732151
447283466
451645081
459970307
460205581
461271719
462162948